ウォーミングアップ01 ウォーミングアップ01 -1,-1,-1,-1,-1,-1,(*)0,-1,-1,-1,-1,-1,(*)-1,-1,-1,-1,-1,0,(*)
ウォーミングアップ02 ウォーミングアップ02 3,-1,-1,-1,-1,-1,(*)-1,-1,-1,-1,-1,-1,(*)-1,-1,-1,-1,-1,3,(*)
ウォーミングアップ03 ウォーミングアップ03 4,-1,-1,-1,-1,-1,(*)-1,-1,-1,-1,-1,-1,(*)-1,-1,-1,-1,-1,4,(*)
ウォーミングアップ04 ウォーミングアップ04 -1,-1,-1,-1,-1,-1,(*)4,-1,-1,-1,4,-1,(*)-1,-1,-1,-1,-1,-1,(*)
ウォーミングアップ05 ウォーミングアップ05 -1,-1,-1,5,-1,-1,(*)-1,-1,-1,-1,-1,-1,(*)-1,5,-1,-1,-1,-1,(*)
ウォーミングアップ06 ウォーミングアップ06 -1,-1,-1,-1,-1,5,(*)7,6,4,7,6,4,(*)-1,5,-1,-1,-1,-1,(*)
ウォーミングアップ07 ウォーミングアップ07 -1,-1,-1,-1,6,-1,(*)-1,-1,-1,-1,-1,-1,(*)-1,6,-1,-1,-1,-1,(*)
ウォーミングアップ08 ウォーミングアップ08 -1,-1,-1,-1,7,-1,(*)-1,-1,-1,-1,-1,-1,(*)-1,7,-1,-1,-1,-1,(*)
ウォーミングアップ09 ウォーミングアップ09 1,-1,-1,-1,-1,-1,(*)-1,-1,-1,-1,-1,-1,(*)-1,-1,-1,-1,-1,1,(*)
ウォーミングアップ10 ウォーミングアップ10 1,3,-1,-1,-1,-1,(*)7,-1,-1,7,3,-1,(*)-1,-1,-1,-1,-1,1,(*)
ウォーミングアップ11 ウォーミングアップ11 -1,-1,-1,-1,-1,2,(*)-1,-1,-1,-1,-1,-1,(*)2,-1,-1,-1,-1,-1,(*)
ウォーミングアップ12 ウォーミングアップ12 -1,-1,-1,4,-1,2,(*)-1,4,-1,-1,-1,-1,(*)2,-1,-1,-1,-1,-1,(*)
上級20手20170325 上級20手20181224 15,-1,1,5,2,15,(*)2,7,4,4,7,4,(*)4,5,15,1,-1,15,(*)
上級20手20170325 上級20手20190401 15,-1,1,5,2,15,(*)2,7,4,4,7,4,(*)4,5,15,1,-1,15,(*)
上級20手20180121 上級20手20190525 2,1,15,3,7,5,(*)3,7,-1,4,-1,7,(*)4,5,7,15,1,2,(*)
上級20手20180412 上級20手20190725 1,-1,4,2,6,6,(*)5,3,-1,5,-1,4,(*)2,6,6,1,3,-1,(*)
上級21手20170707 上級21手20190424 2,3,4,7,15,7,(*)7,-1,7,6,2,6,(*)6,15,6,-1,4,3,(*)
上級21手20171006 上級21手20190507 2,4,1,7,7,7,(*)-1,7,-1,-1,6,-1,(*)7,6,7,1,4,2,(*)
上級21手20171129 上級21手20190514 15,4,4,-1,5,2,(*)3,2,-1,3,7,7,(*)5,7,7,15,4,4,(*)
上級21手20180326 上級21手20190708 7,-1,3,7,15,1,(*)1,7,2,2,7,3,(*)0,-1,15,-1,0,-1,(*)
上級21手20180427 上級21手20190809 1,7,3,-1,7,2,(*)4,2,14,14,4,13,(*)5,13,-1,5,3,1,(*)
上級21手20180428 上級21手20190810 15,3,7,1,2,7,(*)6,-1,2,6,4,3,(*)5,4,1,5,-1,15,(*)
上級22手20170409 上級22手20190109 7,-1,-1,7,4,4,(*)3,7,3,3,7,2,(*)4,2,4,3,-1,-1,(*)
上級22手20170918 上級22手20190504 4,5,4,7,5,7,(*)3,-1,15,15,-1,3,(*)7,2,7,4,2,4,(*)
上級22手20180420 上級22手20190802 14,12,13,4,5,15,(*)7,15,-1,7,-1,7,(*)5,4,7,12,13,14,(*)
上級24手20170614 上級24手20190420 1,0,3,5,0,6,(*)2,-1,4,7,-1,4,(*)7,5,6,1,2,3,(*)
上級24手20180309 上級24手20190622 0,4,15,6,5,1,(*)6,-1,7,0,-1,7,(*)5,-1,1,-1,4,15,(*)
上級25手20170219 上級25手20181122 4,-1,4,7,6,4,(*)7,2,15,3,-1,3,(*)3,6,3,2,15,4,(*)
上級25手20170219 上級25手20190312 4,-1,4,7,6,4,(*)7,2,15,3,-1,3,(*)3,6,3,2,15,4,(*)
上級25手20180618 上級25手20190922 7,-1,2,7,-1,3,(*)4,15,5,6,2,5,(*)6,3,1,15,1,4,(*)
上級25手20190925 上級25手20210428 4,3,4,7,-1,1,(*)7,1,2,6,4,7,(*)6,-1,7,4,2,3,(*)
上級26手20170508 上級26手20190415 -1,2,4,7,7,-1,(*)1,4,5,4,4,5,(*)7,7,7,1,2,7,(*)
上級26手20180407 上級26手20190720 1,-1,4,7,7,2,(*)15,2,5,4,-1,5,(*)7,7,3,1,3,15,(*)
上級26手20190927 上級26手20210531 1,7,-1,6,7,7,(*)4,4,3,3,4,2,(*)6,2,7,1,-1,4,(*)
上級27手20170404 上級27手20190104 4,-1,15,7,7,7,(*)4,2,15,15,4,15,(*)7,7,7,2,4,-1,(*)
上級27手20180707 上級27手20180821 4,2,1,-1,2,7,(*)15,-1,7,15,1,1,(*)1,5,3,3,5,4,(*)
上級28手20170418 上級28手20190407 -1,13,4,6,7,7,(*)6,2,4,7,2,-1,(*)7,7,7,13,4,4,(*)
上級28手20171124 上級28手20190513 13,14,15,-1,3,7,(*)-1,5,7,-1,5,15,(*)-1,12,3,12,13,14,(*)
上級28手20180316 上級28手20190628 2,3,0,15,0,2,(*)1,4,-1,7,6,3,(*)7,6,15,1,4,-1,(*)
上級29手20170423 上級29手20190410 0,10,9,6,4,6,(*)4,7,4,9,7,10,(*)6,-1,6,-1,4,0,(*)
上級29手20170503 上級29手20190413 -1,1,2,-1,7,7,(*)6,4,3,6,2,1,(*)7,7,7,7,4,3,(*)
上級30手20180612 上級30手20190916 3,7,6,-1,7,6,(*)-1,15,4,1,15,4,(*)5,1,2,5,3,2,(*)
上級31手20170225 上級31手20181128 15,-1,15,7,7,7,(*)4,2,4,4,2,4,(*)7,7,7,15,-1,15,(*)
上級31手20170225 上級31手20190317 15,-1,15,7,7,7,(*)4,2,4,4,2,4,(*)7,7,7,15,-1,15,(*)
上級31手20171214 上級31手20190518 4,3,1,6,2,7,(*)2,-1,7,15,7,-1,(*)6,7,15,1,4,3,(*)
上級35手20170202 上級35手20181106 3,3,-1,4,3,7,(*)1,7,7,4,7,3,(*)4,0,4,-1,0,1,(*)
上級35手20170202 上級35手20190226 3,3,-1,4,3,7,(*)1,7,7,4,7,3,(*)4,0,4,-1,0,1,(*)
上級38手20170315 上級38手20181215 14,2,1,7,7,7,(*)4,7,14,4,1,14,(*)7,-1,7,-1,2,14,(*)
上級38手20170315 上級38手20190326 14,2,1,7,7,7,(*)4,7,14,4,1,14,(*)7,-1,7,-1,2,14,(*)
上級47手20180527 上級47手20190906 5,-1,2,5,1,7,(*)3,15,1,15,6,3,(*)4,6,7,2,4,-1,(*)
難問01 難問01 4,4,4,7,7,7,(*)7,-1,7,6,-1,6,(*)6,7,6,4,4,4,(*)
難問02 難問02 4,1,4,7,7,7,(*)4,-1,4,4,-1,4,(*)7,7,7,4,1,4,(*)
難問03 難問03 4,1,4,7,7,7,(*)2,-1,2,2,-1,2,(*)7,7,7,4,1,4,(*)
難問04 難問04 4,3,4,7,7,7,(*)7,-1,7,6,-1,6,(*)6,7,6,4,3,4,(*)
難問05 難問05 3,1,3,7,7,7,(*)4,-1,4,4,-1,4,(*)7,7,7,3,1,3,(*)
難問06 難問06 3,3,3,3,4,4,4,4,(*)-1,7,7,-1,-1,7,7,-1,(*)4,4,4,4,3,3,3,3,(*)
難問07 難問07 3,3,3,3,4,4,4,4,(*)-1,7,7,-1,-1,7,7,-1,(*)-1,7,7,-1,-1,7,7,-1,(*)4,4,4,4,3,3,3,3,(*)
難問08 難問08 3,1,1,3,4,2,2,4,(*)-1,7,7,-1,-1,7,7,-1,(*)4,2,2,4,3,1,1,3,(*)
難問09 難問09 7,7,7,7,7,7,7,7,7,7,(*)2,2,-1,1,1,1,1,-1,2,2,(*)4,4,0,4,4,4,4,0,4,4,(*)
難問10 難問10 3,3,3,5,5,5,(*)4,4,4,7,7,7,(*)1,-1,1,1,-1,1,(*)7,7,7,4,4,4,(*)5,5,5,3,3,3,(*)
